%YAML:1.0
---
model_type: PINHOLE
camera_name: camera
image_width: 960
image_height: 720
distortion_parameters:
   k1: 0.0
   k2: 0.0
   p1: 0.0
   p2: 0.0
# projection_parameters:
#    fx: 382.580322265625
#    fy: 382.580322265625
#    cx: 321.42095947265625
#    cy: 235.15451049804688
projection_parameters:
   fx: 831.3843876
   fy: 831.3843876
   cx: 480.0
   cy: 360.0